0.002968253985024086
0.0013185356009443802
0.0015326142813882238
0.0017381113336109996
0.0020213339838088522
0.002286270847966042
0.0024674214836223557
0.002655876085909279
0.0027835326271729408
0.0031270287677962515
0.004083895747098076
0.004431009854412863
0.004739046731297686
0.004965137751153768
0.005227964150969714
0.0055897277766703175
0.0058511090782954875
0.005973393789187708
0.006171732747862577
0.006269643766048946
0.006499723661233158
0.006526087752070822
0.006349655284036594
0.006434301874831018
0.006515626303685386
0.00669164658562354
0.00706971151722199
0.007344498661765868
0.00749179352485202
0.007798487367302969
0.008042032767173917
0.008229287308056362
0.00870528752002643
0.008793557194558451
0.009661014807734718
0.010054099226085779
0.010446494851248031
0.01235554602948863
0.0118703685682364
0.011701226560863085
0.01205405151172137
0.012131730755256547
0.012242155312985713
0.012606841661693437
0.012612721617538427
0.01289157077630727
0.013293551457971058
0.013400863677120999
0.013607229250255077
0.013862667591824387
0.014162172731779915
0.01452808294854975
0.014665982640294499
0.014723606395081267
0.014538466042965211
0.014082887847319243
0.013958639853421889
0.013862149418519364
0.014023917196334518
0.014499532836317596
0.014724153461589519
0.0154720813109219
0.015268275463950464
0.014671671701897721
0.014265100980477672
0.013972640290338047
0.013799791237987939
0.013760568414297295
0.013798672894539779
0.014020819922491563
0.014291389844523151
0.014637397241703737
0.014912255492547842
0.015238666155026162
0.015247351568408146
0.015382480111605722
0.015320292919984681
0.014994710563035167
0.01477121562764632
0.014721127701363369
0.01472151282231516
0.014222514236131007
0.013678405163716205
0.013400159951036907
0.013209941334677212
0.013149103954541228
0.012800301710944791
0.01270486028761124
0.012572383011294761
0.012538286275126268
0.01252487416646567
0.012424213849458538
0.012189037040179788
0.012142771895656046
0.01221483139804892
0.012331471689301914
0.012653981671145243
0.012809674636856382
0.013171350125439697
0.013338683824348814
0.01347362087096
